19 0.500000 0.986750 1.000000 0.026499
7 0.500000 0.488842 0.984375 0.955370
2 0.094238 0.029986 0.157227 0.032078
2 0.091797 0.064854 0.152344 0.018131
0 0.891113 0.036960 0.141602 0.046025
9 0.492188 0.513947 0.968750 0.849372
10 0.484375 0.440028 0.960938 0.807531
8 0.160645 0.212692 0.305664 0.403068
0 0.059082 0.056485 0.086914 0.046025
0 0.152832 0.056485 0.086914 0.046025
0 0.246582 0.056485 0.086914 0.046025
0 0.052246 0.106695 0.073242 0.034868
4 0.078613 0.156904 0.125977 0.023710
4 0.078613 0.190377 0.125977 0.023710
4 0.078613 0.223849 0.125977 0.023710
5 0.044922 0.268480 0.058594 0.023710
5 0.107422 0.268480 0.058594 0.023710
5 0.169922 0.268480 0.058594 0.023710
8 0.152832 0.341004 0.274414 0.101813
8 0.160645 0.513947 0.305664 0.179916
6 0.148926 0.089958 0.282227 0.135286
7 0.480957 0.212692 0.305664 0.403068
1 0.105957 0.060669 0.180664 0.032078
1 0.105957 0.105300 0.180664 0.032078
1 0.105957 0.149930 0.180664 0.032078
3 0.105957 0.194561 0.180664 0.032078
6 0.105957 0.274059 0.180664 0.101813
18 0.801270 0.307531 0.305664 0.592748
8 0.145020 0.156904 0.274414 0.291492
16 0.140137 0.359135 0.274414 0.046025
15 0.140137 0.402371 0.274414 0.023710
17 0.140137 0.447001 0.274414 0.023710
6 0.801270 0.681311 0.305664 0.135286
