19 0.500000 0.986806 1.000000 0.026389
7 0.499025 0.486806 0.982456 0.951389
2 0.094055 0.029861 0.156920 0.031944
2 0.091618 0.064583 0.152047 0.018056
0 0.889376 0.036806 0.141326 0.045833
9 0.491228 0.511806 0.966862 0.845833
10 0.483431 0.438194 0.959064 0.804167
8 0.160331 0.211806 0.305068 0.401389
0 0.058967 0.056250 0.086745 0.045833
0 0.152534 0.056250 0.086745 0.045833
0 0.246101 0.056250 0.086745 0.045833
0 0.052144 0.106250 0.073099 0.034722
4 0.078460 0.156250 0.125731 0.023611
4 0.078460 0.189583 0.125731 0.023611
4 0.078460 0.222917 0.125731 0.023611
5 0.044834 0.267361 0.058480 0.023611
5 0.107212 0.267361 0.058480 0.023611
5 0.169591 0.267361 0.058480 0.023611
8 0.152534 0.339583 0.273879 0.101389
8 0.160331 0.511806 0.305068 0.179167
6 0.148635 0.089583 0.281676 0.134722
7 0.480019 0.211806 0.305068 0.401389
1 0.105750 0.060417 0.180312 0.031944
1 0.105750 0.104861 0.180312 0.031944
1 0.105750 0.149306 0.180312 0.031944
3 0.105750 0.193750 0.180312 0.031944
6 0.105750 0.272917 0.180312 0.101389
18 0.799708 0.306250 0.305068 0.590278
8 0.144737 0.156250 0.273879 0.290278
16 0.139864 0.357639 0.273879 0.045833
15 0.139864 0.400694 0.273879 0.023611
17 0.139864 0.445139 0.273879 0.023611
6 0.799708 0.678472 0.305068 0.134722
