19 0.500000 0.986750 1.000000 0.026499
7 0.500000 0.488842 0.984375 0.955370
2 0.094238 0.029986 0.157227 0.032078
2 0.091797 0.064854 0.152344 0.018131
0 0.891113 0.036960 0.141602 0.046025
9 0.492188 0.513947 0.968750 0.849372
10 0.484375 0.440028 0.960938 0.807531
18 0.480469 0.403766 0.960938 0.807531
2 0.187012 0.025105 0.358398 0.027894
2 0.190430 0.128312 0.365234 0.027894
2 0.220215 0.209205 0.424805 0.027894
2 0.086426 0.273361 0.157227 0.027894
2 0.106934 0.412831 0.198242 0.027894
2 0.129883 0.566248 0.244141 0.027894
2 0.105957 0.733612 0.196289 0.027894
2 0.117676 0.864714 0.219727 0.027894
2 0.047363 1.000000 0.079102 0.027894
2 0.137207 1.000000 0.258789 0.027894
0 0.046875 0.065551 0.078125 0.041841
0 0.118164 0.065551 0.048828 0.030683
0 0.191406 0.065551 0.078125 0.041841
0 0.296875 0.065551 0.117188 0.058577
0 0.407227 0.065551 0.087891 0.041841
1 0.066406 0.163877 0.117188 0.032078
1 0.171875 0.166667 0.078125 0.032078
1 0.306641 0.168061 0.175781 0.046025
1 0.460938 0.163877 0.117188 0.032078
1 0.576172 0.163877 0.097656 0.032078
4 0.055176 0.240586 0.094727 0.023710
4 0.160645 0.240586 0.094727 0.023710
4 0.266113 0.240586 0.094727 0.023710
4 0.371582 0.240586 0.094727 0.023710
3 0.076172 0.308926 0.136719 0.032078
6 0.210938 0.341702 0.117188 0.097629
6 0.056641 0.488145 0.097656 0.111576
6 0.201172 0.488145 0.175781 0.111576
8 0.056641 0.648536 0.097656 0.125523
8 0.191406 0.648536 0.156250 0.125523
8 0.384766 0.648536 0.214844 0.125523
8 0.085938 0.797768 0.156250 0.089261
7 0.210938 0.797768 0.078125 0.089261
7 0.296875 0.797768 0.078125 0.089261
7 0.382813 0.797768 0.078125 0.089261
12 0.076172 0.933054 0.136719 0.097629
13 0.220703 0.933054 0.136719 0.097629
14 0.360352 0.933054 0.126953 0.097629
11 0.125000 1.000000 0.234375 0.105997
15 0.105469 1.000000 0.195313 0.027894
16 0.105469 1.000000 0.195313 0.041841
17 0.105469 1.000000 0.195313 0.025105
