19 0.500000 0.986750 1.000000 0.026499
7 0.498054 0.488842 0.980545 0.955370
2 0.093872 0.029986 0.156615 0.032078
2 0.091440 0.064854 0.151751 0.018131
0 0.887646 0.036960 0.141051 0.046025
9 0.490272 0.513947 0.964981 0.849372
10 0.482490 0.440028 0.957198 0.807531
8 0.160019 0.212692 0.304475 0.403068
0 0.058852 0.056485 0.086576 0.046025
0 0.152237 0.056485 0.086576 0.046025
0 0.245623 0.056485 0.086576 0.046025
0 0.052043 0.106695 0.072957 0.034868
4 0.078307 0.156904 0.125486 0.023710
4 0.078307 0.190377 0.125486 0.023710
4 0.078307 0.223849 0.125486 0.023710
5 0.044747 0.268480 0.058366 0.023710
5 0.107004 0.268480 0.058366 0.023710
5 0.169261 0.268480 0.058366 0.023710
8 0.152237 0.341004 0.273346 0.101813
8 0.160019 0.513947 0.304475 0.179916
6 0.148346 0.089958 0.281128 0.135286
7 0.479086 0.212692 0.304475 0.403068
1 0.105545 0.060669 0.179961 0.032078
1 0.105545 0.105300 0.179961 0.032078
1 0.105545 0.149930 0.179961 0.032078
3 0.105545 0.194561 0.179961 0.032078
6 0.105545 0.274059 0.179961 0.101813
18 0.798152 0.307531 0.304475 0.592748
8 0.144455 0.156904 0.273346 0.291492
16 0.139591 0.359135 0.273346 0.046025
15 0.139591 0.402371 0.273346 0.023710
17 0.139591 0.447001 0.273346 0.023710
6 0.798152 0.681311 0.304475 0.135286
