19 0.500000 0.986787 1.000000 0.026426
7 0.499025 0.487483 0.982456 0.952712
2 0.094055 0.029903 0.156920 0.031989
2 0.091618 0.064673 0.152047 0.018081
0 0.889376 0.036857 0.141326 0.045897
9 0.491228 0.512517 0.966862 0.847010
10 0.483431 0.438804 0.959064 0.805285
18 0.479532 0.402643 0.959064 0.805285
2 0.186647 0.025035 0.357700 0.027816
2 0.190058 0.127955 0.364522 0.027816
2 0.219786 0.208623 0.423977 0.027816
2 0.086257 0.272601 0.156920 0.027816
2 0.106725 0.411683 0.197856 0.027816
2 0.129630 0.564673 0.243665 0.027816
2 0.105750 0.731572 0.195906 0.027816
2 0.117446 0.862309 0.219298 0.027816
2 0.047271 1.000000 0.078947 0.027816
2 0.136940 1.000000 0.258285 0.027816
0 0.046784 0.065369 0.077973 0.041725
0 0.117934 0.065369 0.048733 0.030598
0 0.191033 0.065369 0.077973 0.041725
0 0.296296 0.065369 0.116959 0.058414
0 0.406433 0.065369 0.087719 0.041725
1 0.066277 0.163421 0.116959 0.031989
1 0.171540 0.166203 0.077973 0.031989
1 0.306043 0.167594 0.175439 0.045897
1 0.460039 0.163421 0.116959 0.031989
1 0.575049 0.163421 0.097466 0.031989
4 0.055068 0.239917 0.094542 0.023644
4 0.160331 0.239917 0.094542 0.023644
4 0.265595 0.239917 0.094542 0.023644
4 0.370858 0.239917 0.094542 0.023644
3 0.076023 0.308067 0.136452 0.031989
6 0.210526 0.340751 0.116959 0.097357
6 0.056530 0.486787 0.097466 0.111266
6 0.200780 0.486787 0.175439 0.111266
8 0.056530 0.646732 0.097466 0.125174
8 0.191033 0.646732 0.155945 0.125174
8 0.384016 0.646732 0.214425 0.125174
8 0.085770 0.795549 0.155945 0.089013
7 0.210526 0.795549 0.077973 0.089013
7 0.296296 0.795549 0.077973 0.089013
7 0.382066 0.795549 0.077973 0.089013
12 0.076023 0.930459 0.136452 0.097357
13 0.220273 0.930459 0.136452 0.097357
14 0.359649 0.930459 0.126706 0.097357
11 0.124756 1.000000 0.233918 0.105702
15 0.105263 1.000000 0.194932 0.027816
16 0.105263 1.000000 0.194932 0.041725
17 0.105263 1.000000 0.194932 0.025035
