19 0.500000 0.986824 1.000000 0.026352
7 0.498054 0.486130 0.980545 0.950069
2 0.093872 0.029820 0.156615 0.031900
2 0.091440 0.064494 0.151751 0.018031
0 0.887646 0.036755 0.141051 0.045770
9 0.490272 0.511096 0.964981 0.844660
10 0.482490 0.437587 0.957198 0.803051
18 0.478599 0.401526 0.957198 0.803051
2 0.186284 0.024965 0.357004 0.027739
2 0.189689 0.127601 0.363813 0.027739
2 0.219358 0.208044 0.423152 0.027739
2 0.086089 0.271845 0.156615 0.027739
2 0.106518 0.410541 0.197471 0.027739
2 0.129377 0.563107 0.243191 0.027739
2 0.105545 0.729542 0.195525 0.027739
2 0.117218 0.859917 0.218872 0.027739
2 0.047179 0.998613 0.078794 0.027739
2 0.136673 1.000000 0.257782 0.027739
0 0.046693 0.065187 0.077821 0.041609
0 0.117704 0.065187 0.048638 0.030513
0 0.190661 0.065187 0.077821 0.041609
0 0.295720 0.065187 0.116732 0.058252
0 0.405642 0.065187 0.087549 0.041609
1 0.066148 0.162968 0.116732 0.031900
1 0.171206 0.165742 0.077821 0.031900
1 0.305447 0.167129 0.175097 0.045770
1 0.459144 0.162968 0.116732 0.031900
1 0.573930 0.162968 0.097276 0.031900
4 0.054961 0.239251 0.094358 0.023578
4 0.160019 0.239251 0.094358 0.023578
4 0.265078 0.239251 0.094358 0.023578
4 0.370136 0.239251 0.094358 0.023578
3 0.075875 0.307212 0.136187 0.031900
6 0.210117 0.339806 0.116732 0.097087
6 0.056420 0.485437 0.097276 0.110957
6 0.200389 0.485437 0.175097 0.110957
8 0.056420 0.644938 0.097276 0.124827
8 0.190661 0.644938 0.155642 0.124827
8 0.383268 0.644938 0.214008 0.124827
8 0.085603 0.793343 0.155642 0.088766
7 0.210117 0.793343 0.077821 0.088766
7 0.295720 0.793343 0.077821 0.088766
7 0.381323 0.793343 0.077821 0.088766
12 0.075875 0.927878 0.136187 0.097087
13 0.219844 0.927878 0.136187 0.097087
14 0.358949 0.927878 0.126459 0.097087
11 0.124514 1.000000 0.233463 0.105409
15 0.105058 1.000000 0.194553 0.027739
16 0.105058 1.000000 0.194553 0.041609
17 0.105058 1.000000 0.194553 0.024965
