19 0.500000 0.986787 1.000000 0.026426
7 0.499025 0.487483 0.982456 0.952712
2 0.094055 0.029903 0.156920 0.031989
2 0.091618 0.064673 0.152047 0.018081
0 0.889376 0.036857 0.141326 0.045897
9 0.491228 0.512517 0.966862 0.847010
10 0.483431 0.438804 0.959064 0.805285
8 0.160331 0.212100 0.305068 0.401947
0 0.058967 0.056328 0.086745 0.045897
0 0.152534 0.056328 0.086745 0.045897
0 0.246101 0.056328 0.086745 0.045897
0 0.052144 0.106398 0.073099 0.034771
4 0.078460 0.156467 0.125731 0.023644
4 0.078460 0.189847 0.125731 0.023644
4 0.078460 0.223227 0.125731 0.023644
5 0.044834 0.267733 0.058480 0.023644
5 0.107212 0.267733 0.058480 0.023644
5 0.169591 0.267733 0.058480 0.023644
8 0.152534 0.340056 0.273879 0.101530
8 0.160331 0.512517 0.305068 0.179416
6 0.148635 0.089708 0.281676 0.134910
7 0.480019 0.212100 0.305068 0.401947
1 0.105750 0.060501 0.180312 0.031989
1 0.105750 0.105007 0.180312 0.031989
1 0.105750 0.149513 0.180312 0.031989
3 0.105750 0.194019 0.180312 0.031989
6 0.105750 0.273296 0.180312 0.101530
18 0.799708 0.306676 0.305068 0.591099
8 0.144737 0.156467 0.273879 0.290682
16 0.139864 0.358136 0.273879 0.045897
15 0.139864 0.401252 0.273879 0.023644
17 0.139864 0.445758 0.273879 0.023644
6 0.799708 0.679416 0.305068 0.134910
