19 0.500000 0.986806 1.000000 0.026389
7 0.498054 0.486806 0.980545 0.951389
2 0.093872 0.029861 0.156615 0.031944
2 0.091440 0.064583 0.151751 0.018056
0 0.887646 0.036806 0.141051 0.045833
9 0.490272 0.511806 0.964981 0.845833
10 0.482490 0.438194 0.957198 0.804167
18 0.478599 0.402083 0.957198 0.804167
2 0.186284 0.025000 0.357004 0.027778
2 0.189689 0.127778 0.363813 0.027778
2 0.219358 0.208333 0.423152 0.027778
2 0.086089 0.272222 0.156615 0.027778
2 0.106518 0.411111 0.197471 0.027778
2 0.129377 0.563889 0.243191 0.027778
2 0.105545 0.730556 0.195525 0.027778
2 0.117218 0.861111 0.218872 0.027778
2 0.047179 1.000000 0.078794 0.027778
2 0.136673 1.000000 0.257782 0.027778
0 0.046693 0.065278 0.077821 0.041667
0 0.117704 0.065278 0.048638 0.030556
0 0.190661 0.065278 0.077821 0.041667
0 0.295720 0.065278 0.116732 0.058333
0 0.405642 0.065278 0.087549 0.041667
1 0.066148 0.163194 0.116732 0.031944
1 0.171206 0.165972 0.077821 0.031944
1 0.305447 0.167361 0.175097 0.045833
1 0.459144 0.163194 0.116732 0.031944
1 0.573930 0.163194 0.097276 0.031944
4 0.054961 0.239583 0.094358 0.023611
4 0.160019 0.239583 0.094358 0.023611
4 0.265078 0.239583 0.094358 0.023611
4 0.370136 0.239583 0.094358 0.023611
3 0.075875 0.307639 0.136187 0.031944
6 0.210117 0.340278 0.116732 0.097222
6 0.056420 0.486111 0.097276 0.111111
6 0.200389 0.486111 0.175097 0.111111
8 0.056420 0.645833 0.097276 0.125000
8 0.190661 0.645833 0.155642 0.125000
8 0.383268 0.645833 0.214008 0.125000
8 0.085603 0.794444 0.155642 0.088889
7 0.210117 0.794444 0.077821 0.088889
7 0.295720 0.794444 0.077821 0.088889
7 0.381323 0.794444 0.077821 0.088889
12 0.075875 0.929167 0.136187 0.097222
13 0.219844 0.929167 0.136187 0.097222
14 0.358949 0.929167 0.126459 0.097222
11 0.124514 1.000000 0.233463 0.105556
15 0.105058 1.000000 0.194553 0.027778
16 0.105058 1.000000 0.194553 0.041667
17 0.105058 1.000000 0.194553 0.025000
