19 0.500000 0.986787 1.000000 0.026426
7 0.500000 0.487483 0.984375 0.952712
2 0.094238 0.029903 0.157227 0.031989
2 0.091797 0.064673 0.152344 0.018081
0 0.891113 0.036857 0.141602 0.045897
9 0.492188 0.512517 0.968750 0.847010
10 0.484375 0.438804 0.960938 0.805285
18 0.480469 0.402643 0.960938 0.805285
2 0.187012 0.025035 0.358398 0.027816
2 0.190430 0.127955 0.365234 0.027816
2 0.220215 0.208623 0.424805 0.027816
2 0.086426 0.272601 0.157227 0.027816
2 0.106934 0.411683 0.198242 0.027816
2 0.129883 0.564673 0.244141 0.027816
2 0.105957 0.731572 0.196289 0.027816
2 0.117676 0.862309 0.219727 0.027816
2 0.047363 1.000000 0.079102 0.027816
2 0.137207 1.000000 0.258789 0.027816
0 0.046875 0.065369 0.078125 0.041725
0 0.118164 0.065369 0.048828 0.030598
0 0.191406 0.065369 0.078125 0.041725
0 0.296875 0.065369 0.117188 0.058414
0 0.407227 0.065369 0.087891 0.041725
1 0.066406 0.163421 0.117188 0.031989
1 0.171875 0.166203 0.078125 0.031989
1 0.306641 0.167594 0.175781 0.045897
1 0.460938 0.163421 0.117188 0.031989
1 0.576172 0.163421 0.097656 0.031989
4 0.055176 0.239917 0.094727 0.023644
4 0.160645 0.239917 0.094727 0.023644
4 0.266113 0.239917 0.094727 0.023644
4 0.371582 0.239917 0.094727 0.023644
3 0.076172 0.308067 0.136719 0.031989
6 0.210938 0.340751 0.117188 0.097357
6 0.056641 0.486787 0.097656 0.111266
6 0.201172 0.486787 0.175781 0.111266
8 0.056641 0.646732 0.097656 0.125174
8 0.191406 0.646732 0.156250 0.125174
8 0.384766 0.646732 0.214844 0.125174
8 0.085938 0.795549 0.156250 0.089013
7 0.210938 0.795549 0.078125 0.089013
7 0.296875 0.795549 0.078125 0.089013
7 0.382813 0.795549 0.078125 0.089013
12 0.076172 0.930459 0.136719 0.097357
13 0.220703 0.930459 0.136719 0.097357
14 0.360352 0.930459 0.126953 0.097357
11 0.125000 1.000000 0.234375 0.105702
15 0.105469 1.000000 0.195313 0.027816
16 0.105469 1.000000 0.195313 0.041725
17 0.105469 1.000000 0.195313 0.025035
