19 0.500000 0.986787 1.000000 0.026426
7 0.500000 0.487483 0.984375 0.952712
2 0.094238 0.029903 0.157227 0.031989
2 0.091797 0.064673 0.152344 0.018081
0 0.891113 0.036857 0.141602 0.045897
9 0.492188 0.512517 0.968750 0.847010
10 0.484375 0.438804 0.960938 0.805285
8 0.160645 0.212100 0.305664 0.401947
0 0.059082 0.056328 0.086914 0.045897
0 0.152832 0.056328 0.086914 0.045897
0 0.246582 0.056328 0.086914 0.045897
0 0.052246 0.106398 0.073242 0.034771
4 0.078613 0.156467 0.125977 0.023644
4 0.078613 0.189847 0.125977 0.023644
4 0.078613 0.223227 0.125977 0.023644
5 0.044922 0.267733 0.058594 0.023644
5 0.107422 0.267733 0.058594 0.023644
5 0.169922 0.267733 0.058594 0.023644
8 0.152832 0.340056 0.274414 0.101530
8 0.160645 0.512517 0.305664 0.179416
6 0.148926 0.089708 0.282227 0.134910
7 0.480957 0.212100 0.305664 0.401947
1 0.105957 0.060501 0.180664 0.031989
1 0.105957 0.105007 0.180664 0.031989
1 0.105957 0.149513 0.180664 0.031989
3 0.105957 0.194019 0.180664 0.031989
6 0.105957 0.273296 0.180664 0.101530
18 0.801270 0.306676 0.305664 0.591099
8 0.145020 0.156467 0.274414 0.290682
16 0.140137 0.358136 0.274414 0.045897
15 0.140137 0.401252 0.274414 0.023644
17 0.140137 0.445758 0.274414 0.023644
6 0.801270 0.679416 0.305664 0.134910
