19 0.500000 0.986750 1.000000 0.026499
7 0.498054 0.488842 0.980545 0.955370
2 0.093872 0.029986 0.156615 0.032078
2 0.091440 0.064854 0.151751 0.018131
0 0.887646 0.036960 0.141051 0.046025
9 0.490272 0.513947 0.964981 0.849372
10 0.482490 0.440028 0.957198 0.807531
18 0.478599 0.403766 0.957198 0.807531
2 0.186284 0.025105 0.357004 0.027894
2 0.189689 0.128312 0.363813 0.027894
2 0.219358 0.209205 0.423152 0.027894
2 0.086089 0.273361 0.156615 0.027894
2 0.106518 0.412831 0.197471 0.027894
2 0.129377 0.566248 0.243191 0.027894
2 0.105545 0.733612 0.195525 0.027894
2 0.117218 0.864714 0.218872 0.027894
2 0.047179 1.000000 0.078794 0.027894
2 0.136673 1.000000 0.257782 0.027894
0 0.046693 0.065551 0.077821 0.041841
0 0.117704 0.065551 0.048638 0.030683
0 0.190661 0.065551 0.077821 0.041841
0 0.295720 0.065551 0.116732 0.058577
0 0.405642 0.065551 0.087549 0.041841
1 0.066148 0.163877 0.116732 0.032078
1 0.171206 0.166667 0.077821 0.032078
1 0.305447 0.168061 0.175097 0.046025
1 0.459144 0.163877 0.116732 0.032078
1 0.573930 0.163877 0.097276 0.032078
4 0.054961 0.240586 0.094358 0.023710
4 0.160019 0.240586 0.094358 0.023710
4 0.265078 0.240586 0.094358 0.023710
4 0.370136 0.240586 0.094358 0.023710
3 0.075875 0.308926 0.136187 0.032078
6 0.210117 0.341702 0.116732 0.097629
6 0.056420 0.488145 0.097276 0.111576
6 0.200389 0.488145 0.175097 0.111576
8 0.056420 0.648536 0.097276 0.125523
8 0.190661 0.648536 0.155642 0.125523
8 0.383268 0.648536 0.214008 0.125523
8 0.085603 0.797768 0.155642 0.089261
7 0.210117 0.797768 0.077821 0.089261
7 0.295720 0.797768 0.077821 0.089261
7 0.381323 0.797768 0.077821 0.089261
12 0.075875 0.933054 0.136187 0.097629
13 0.219844 0.933054 0.136187 0.097629
14 0.358949 0.933054 0.126459 0.097629
11 0.124514 1.000000 0.233463 0.105997
15 0.105058 1.000000 0.194553 0.027894
16 0.105058 1.000000 0.194553 0.041841
17 0.105058 1.000000 0.194553 0.025105
