19 0.500000 0.986732 1.000000 0.026536
7 0.500000 0.489525 0.984375 0.956704
2 0.094238 0.030028 0.157227 0.032123
2 0.091797 0.064944 0.152344 0.018156
0 0.891113 0.037011 0.141602 0.046089
9 0.492188 0.514665 0.968750 0.850559
10 0.484375 0.440642 0.960938 0.808659
8 0.160645 0.212989 0.305664 0.403631
0 0.059082 0.056564 0.086914 0.046089
0 0.152832 0.056564 0.086914 0.046089
0 0.246582 0.056564 0.086914 0.046089
0 0.052246 0.106844 0.073242 0.034916
4 0.078613 0.157123 0.125977 0.023743
4 0.078613 0.190642 0.125977 0.023743
4 0.078613 0.224162 0.125977 0.023743
5 0.044922 0.268855 0.058594 0.023743
5 0.107422 0.268855 0.058594 0.023743
5 0.169922 0.268855 0.058594 0.023743
8 0.152832 0.341480 0.274414 0.101955
8 0.160645 0.514665 0.305664 0.180168
6 0.148926 0.090084 0.282227 0.135475
7 0.480957 0.212989 0.305664 0.403631
1 0.105957 0.060754 0.180664 0.032123
1 0.105957 0.105447 0.180664 0.032123
1 0.105957 0.150140 0.180664 0.032123
3 0.105957 0.194832 0.180664 0.032123
6 0.105957 0.274441 0.180664 0.101955
18 0.801270 0.307961 0.305664 0.593575
8 0.145020 0.157123 0.274414 0.291899
16 0.140137 0.359637 0.274414 0.046089
15 0.140137 0.402933 0.274414 0.023743
17 0.140137 0.447626 0.274414 0.023743
6 0.801270 0.682263 0.305664 0.135475
