19 0.500000 0.986842 1.000000 0.026316
7 0.497087 0.485457 0.978641 0.948753
2 0.093689 0.029778 0.156311 0.031856
2 0.091262 0.064404 0.151456 0.018006
0 0.885922 0.036704 0.140777 0.045706
9 0.489320 0.510388 0.963107 0.843490
10 0.481553 0.436981 0.955340 0.801939
18 0.477670 0.400970 0.955340 0.801939
2 0.185922 0.024931 0.356311 0.027701
2 0.189320 0.127424 0.363107 0.027701
2 0.218932 0.207756 0.422330 0.027701
2 0.085922 0.271468 0.156311 0.027701
2 0.106311 0.409972 0.197087 0.027701
2 0.129126 0.562327 0.242718 0.027701
2 0.105340 0.728532 0.195146 0.027701
2 0.116990 0.858726 0.218447 0.027701
2 0.047087 0.997230 0.078641 0.027701
2 0.136408 1.000000 0.257282 0.027701
0 0.046602 0.065097 0.077670 0.041551
0 0.117476 0.065097 0.048544 0.030471
0 0.190291 0.065097 0.077670 0.041551
0 0.295146 0.065097 0.116505 0.058172
0 0.404854 0.065097 0.087379 0.041551
1 0.066019 0.162742 0.116505 0.031856
1 0.170874 0.165512 0.077670 0.031856
1 0.304854 0.166898 0.174757 0.045706
1 0.458252 0.162742 0.116505 0.031856
1 0.572816 0.162742 0.097087 0.031856
4 0.054854 0.238920 0.094175 0.023546
4 0.159709 0.238920 0.094175 0.023546
4 0.264563 0.238920 0.094175 0.023546
4 0.369417 0.238920 0.094175 0.023546
3 0.075728 0.306787 0.135922 0.031856
6 0.209709 0.339335 0.116505 0.096953
6 0.056311 0.484765 0.097087 0.110803
6 0.200000 0.484765 0.174757 0.110803
8 0.056311 0.644044 0.097087 0.124654
8 0.190291 0.644044 0.155340 0.124654
8 0.382524 0.644044 0.213592 0.124654
8 0.085437 0.792244 0.155340 0.088643
7 0.209709 0.792244 0.077670 0.088643
7 0.295146 0.792244 0.077670 0.088643
7 0.380583 0.792244 0.077670 0.088643
12 0.075728 0.926593 0.135922 0.096953
13 0.219417 0.926593 0.135922 0.096953
14 0.358252 0.926593 0.126214 0.096953
11 0.124272 1.000000 0.233010 0.105263
15 0.104854 1.000000 0.194175 0.027701
16 0.104854 1.000000 0.194175 0.041551
17 0.104854 1.000000 0.194175 0.024931
