19 0.500000 0.986806 1.000000 0.026389
7 0.499025 0.486806 0.982456 0.951389
2 0.094055 0.029861 0.156920 0.031944
2 0.091618 0.064583 0.152047 0.018056
0 0.889376 0.036806 0.141326 0.045833
9 0.491228 0.511806 0.966862 0.845833
10 0.483431 0.438194 0.959064 0.804167
18 0.479532 0.402083 0.959064 0.804167
2 0.186647 0.025000 0.357700 0.027778
2 0.190058 0.127778 0.364522 0.027778
2 0.219786 0.208333 0.423977 0.027778
2 0.086257 0.272222 0.156920 0.027778
2 0.106725 0.411111 0.197856 0.027778
2 0.129630 0.563889 0.243665 0.027778
2 0.105750 0.730556 0.195906 0.027778
2 0.117446 0.861111 0.219298 0.027778
2 0.047271 1.000000 0.078947 0.027778
2 0.136940 1.000000 0.258285 0.027778
0 0.046784 0.065278 0.077973 0.041667
0 0.117934 0.065278 0.048733 0.030556
0 0.191033 0.065278 0.077973 0.041667
0 0.296296 0.065278 0.116959 0.058333
0 0.406433 0.065278 0.087719 0.041667
1 0.066277 0.163194 0.116959 0.031944
1 0.171540 0.165972 0.077973 0.031944
1 0.306043 0.167361 0.175439 0.045833
1 0.460039 0.163194 0.116959 0.031944
1 0.575049 0.163194 0.097466 0.031944
4 0.055068 0.239583 0.094542 0.023611
4 0.160331 0.239583 0.094542 0.023611
4 0.265595 0.239583 0.094542 0.023611
4 0.370858 0.239583 0.094542 0.023611
3 0.076023 0.307639 0.136452 0.031944
6 0.210526 0.340278 0.116959 0.097222
6 0.056530 0.486111 0.097466 0.111111
6 0.200780 0.486111 0.175439 0.111111
8 0.056530 0.645833 0.097466 0.125000
8 0.191033 0.645833 0.155945 0.125000
8 0.384016 0.645833 0.214425 0.125000
8 0.085770 0.794444 0.155945 0.088889
7 0.210526 0.794444 0.077973 0.088889
7 0.296296 0.794444 0.077973 0.088889
7 0.382066 0.794444 0.077973 0.088889
12 0.076023 0.929167 0.136452 0.097222
13 0.220273 0.929167 0.136452 0.097222
14 0.359649 0.929167 0.126706 0.097222
11 0.124756 1.000000 0.233918 0.105556
15 0.105263 1.000000 0.194932 0.027778
16 0.105263 1.000000 0.194932 0.041667
17 0.105263 1.000000 0.194932 0.025000
