19 0.500000 0.986824 1.000000 0.026352
7 0.498054 0.486130 0.980545 0.950069
2 0.093872 0.029820 0.156615 0.031900
2 0.091440 0.064494 0.151751 0.018031
0 0.887646 0.036755 0.141051 0.045770
9 0.490272 0.511096 0.964981 0.844660
10 0.482490 0.437587 0.957198 0.803051
8 0.160019 0.211512 0.304475 0.400832
0 0.058852 0.056172 0.086576 0.045770
0 0.152237 0.056172 0.086576 0.045770
0 0.245623 0.056172 0.086576 0.045770
0 0.052043 0.106103 0.072957 0.034674
4 0.078307 0.156033 0.125486 0.023578
4 0.078307 0.189320 0.125486 0.023578
4 0.078307 0.222607 0.125486 0.023578
5 0.044747 0.266990 0.058366 0.023578
5 0.107004 0.266990 0.058366 0.023578
5 0.169261 0.266990 0.058366 0.023578
8 0.152237 0.339112 0.273346 0.101248
8 0.160019 0.511096 0.304475 0.178918
6 0.148346 0.089459 0.281128 0.134535
7 0.479086 0.211512 0.304475 0.400832
1 0.105545 0.060333 0.179961 0.031900
1 0.105545 0.104716 0.179961 0.031900
1 0.105545 0.149098 0.179961 0.031900
3 0.105545 0.193481 0.179961 0.031900
6 0.105545 0.272538 0.179961 0.101248
18 0.798152 0.305825 0.304475 0.589459
8 0.144455 0.156033 0.273346 0.289875
16 0.139591 0.357143 0.273346 0.045770
15 0.139591 0.400139 0.273346 0.023578
17 0.139591 0.444521 0.273346 0.023578
6 0.798152 0.677531 0.304475 0.134535
