19 0.500000 0.986806 1.000000 0.026389
7 0.498054 0.486806 0.980545 0.951389
2 0.093872 0.029861 0.156615 0.031944
2 0.091440 0.064583 0.151751 0.018056
0 0.887646 0.036806 0.141051 0.045833
9 0.490272 0.511806 0.964981 0.845833
10 0.482490 0.438194 0.957198 0.804167
8 0.160019 0.211806 0.304475 0.401389
0 0.058852 0.056250 0.086576 0.045833
0 0.152237 0.056250 0.086576 0.045833
0 0.245623 0.056250 0.086576 0.045833
0 0.052043 0.106250 0.072957 0.034722
4 0.078307 0.156250 0.125486 0.023611
4 0.078307 0.189583 0.125486 0.023611
4 0.078307 0.222917 0.125486 0.023611
5 0.044747 0.267361 0.058366 0.023611
5 0.107004 0.267361 0.058366 0.023611
5 0.169261 0.267361 0.058366 0.023611
8 0.152237 0.339583 0.273346 0.101389
8 0.160019 0.511806 0.304475 0.179167
6 0.148346 0.089583 0.281128 0.134722
7 0.479086 0.211806 0.304475 0.401389
1 0.105545 0.060417 0.179961 0.031944
1 0.105545 0.104861 0.179961 0.031944
1 0.105545 0.149306 0.179961 0.031944
3 0.105545 0.193750 0.179961 0.031944
6 0.105545 0.272917 0.179961 0.101389
18 0.798152 0.306250 0.304475 0.590278
8 0.144455 0.156250 0.273346 0.290278
16 0.139591 0.357639 0.273346 0.045833
15 0.139591 0.400694 0.273346 0.023611
17 0.139591 0.445139 0.273346 0.023611
6 0.798152 0.678472 0.304475 0.134722
