19 0.500000 0.986732 1.000000 0.026536
7 0.500000 0.489525 0.984375 0.956704
2 0.094238 0.030028 0.157227 0.032123
2 0.091797 0.064944 0.152344 0.018156
0 0.891113 0.037011 0.141602 0.046089
9 0.492188 0.514665 0.968750 0.850559
10 0.484375 0.440642 0.960938 0.808659
18 0.480469 0.404330 0.960938 0.808659
2 0.187012 0.025140 0.358398 0.027933
2 0.190430 0.128492 0.365234 0.027933
2 0.220215 0.209497 0.424805 0.027933
2 0.086426 0.273743 0.157227 0.027933
2 0.106934 0.413408 0.198242 0.027933
2 0.129883 0.567039 0.244141 0.027933
2 0.105957 0.734637 0.196289 0.027933
2 0.117676 0.865922 0.219727 0.027933
2 0.047363 1.000000 0.079102 0.027933
2 0.137207 1.000000 0.258789 0.027933
0 0.046875 0.065642 0.078125 0.041899
0 0.118164 0.065642 0.048828 0.030726
0 0.191406 0.065642 0.078125 0.041899
0 0.296875 0.065642 0.117188 0.058659
0 0.407227 0.065642 0.087891 0.041899
1 0.066406 0.164106 0.117188 0.032123
1 0.171875 0.166899 0.078125 0.032123
1 0.306641 0.168296 0.175781 0.046089
1 0.460938 0.164106 0.117188 0.032123
1 0.576172 0.164106 0.097656 0.032123
4 0.055176 0.240922 0.094727 0.023743
4 0.160645 0.240922 0.094727 0.023743
4 0.266113 0.240922 0.094727 0.023743
4 0.371582 0.240922 0.094727 0.023743
3 0.076172 0.309358 0.136719 0.032123
6 0.210938 0.342179 0.117188 0.097765
6 0.056641 0.488827 0.097656 0.111732
6 0.201172 0.488827 0.175781 0.111732
8 0.056641 0.649441 0.097656 0.125698
8 0.191406 0.649441 0.156250 0.125698
8 0.384766 0.649441 0.214844 0.125698
8 0.085938 0.798883 0.156250 0.089385
7 0.210938 0.798883 0.078125 0.089385
7 0.296875 0.798883 0.078125 0.089385
7 0.382813 0.798883 0.078125 0.089385
12 0.076172 0.934358 0.136719 0.097765
13 0.220703 0.934358 0.136719 0.097765
14 0.360352 0.934358 0.126953 0.097765
11 0.125000 1.000000 0.234375 0.106145
15 0.105469 1.000000 0.195313 0.027933
16 0.105469 1.000000 0.195313 0.041899
17 0.105469 1.000000 0.195313 0.025140
