19 0.500000 0.986842 1.000000 0.026316
7 0.497087 0.485457 0.978641 0.948753
2 0.093689 0.029778 0.156311 0.031856
2 0.091262 0.064404 0.151456 0.018006
0 0.885922 0.036704 0.140777 0.045706
9 0.489320 0.510388 0.963107 0.843490
10 0.481553 0.436981 0.955340 0.801939
8 0.159709 0.211219 0.303883 0.400277
0 0.058738 0.056094 0.086408 0.045706
0 0.151942 0.056094 0.086408 0.045706
0 0.245146 0.056094 0.086408 0.045706
0 0.051942 0.105956 0.072816 0.034626
4 0.078155 0.155817 0.125243 0.023546
4 0.078155 0.189058 0.125243 0.023546
4 0.078155 0.222299 0.125243 0.023546
5 0.044660 0.266620 0.058252 0.023546
5 0.106796 0.266620 0.058252 0.023546
5 0.168932 0.266620 0.058252 0.023546
8 0.151942 0.338643 0.272816 0.101108
8 0.159709 0.510388 0.303883 0.178670
6 0.148058 0.089335 0.280583 0.134349
7 0.478155 0.211219 0.303883 0.400277
1 0.105340 0.060249 0.179612 0.031856
1 0.105340 0.104571 0.179612 0.031856
1 0.105340 0.148892 0.179612 0.031856
3 0.105340 0.193213 0.179612 0.031856
6 0.105340 0.272161 0.179612 0.101108
18 0.796602 0.305402 0.303883 0.588643
8 0.144175 0.155817 0.272816 0.289474
16 0.139320 0.356648 0.272816 0.045706
15 0.139320 0.399585 0.272816 0.023546
17 0.139320 0.443906 0.272816 0.023546
6 0.796602 0.676593 0.303883 0.134349
